Z = [ 2.5 2.4;0.5 0.7;2.2 2.9;1.9 2.2;3.1 3.0;2.3 2.7;2 1.6;1 1.1;...
    1.5 1.6;1.1 0.9 ]

Z =

    2.5000    2.4000
    0.5000    0.7000
    2.2000    2.9000
    1.9000    2.2000
    3.1000    3.0000
    2.3000    2.7000
    2.0000    1.6000
    1.0000    1.1000
    1.5000    1.6000
    1.1000    0.9000

my_pca(Z)

r =

    2.3713    2.5187
    0.6050    0.6032
    2.4826    2.6394
    1.9959    2.1116
    2.9460    3.1420
    2.4289    2.5812
    1.7428    1.8371
    1.0341    1.0685
    1.5131    1.5880
    0.9804    1.0103


ans =

  Columns 1 through 9

    0.8280   -1.7776    0.9922    0.2742    1.6758    0.9129   -0.0991   -1.1446   -0.4380

  Column 10

   -1.2238

diary off
